2435
2152
4921
3585
9225
8097
8247
8689
6993
788
5177
8376
3764
1258
2286
9003
4571
7307
9302
2874
2012
3251
7563
6073
9591
9960
9688
5794
5834
2708
9300
6209
301
8751
5809
7264
4757
2955
9356
9715
8602
5338
8364
618
8787
8272
8574
8080
7003
1610
5969
7282
9014
9899
9444
4678
2799
6372
6223
9962
6244
8618
5782
665
1786
2221
9719
1907
1396
966
4983
5197
5309
1363
8998
313
5347
8742
8902
7889
2744
6519
9901
8431
403
2892
8669
2831
6553
598
1850
277
7427
5700
640
8828
5955
1769
769
3507
6586
5288
4334
8487
2619
2812
1668
5720
8643
4620
2494
9634
7204
1563
7656
935
9131
3582
6222
2141
9635
2090
7524
3807
8503
6425
4847
7970
8425
9464
331
5635
6605
3700
1685
4700
1927
4206
4594
3389
2288
9034
6085
3385
7826
6155
9781
7377
4708
1436
8410
9940
9301
7519
1884
9354
9827
9543
7776
1427
6971
1587
4113
3844
1279
9491
8675
6225
850
7262
9010
6944
1797
2383
8434
3433
7937
3158
6935
6201
6984
1964
6096
4362
5754
4809
5286
2446
5873
11
4656
9640
7317
2433
5669
660
3442
5055
1220
9762
2153
5573
4169
7344
6068
7084
7204
7336
8927
3591
2940
2059
3956
7275
9225
3563
1560
7893
454
2003
9649
9806
4214
5853
843
2210
4584
5738
3710
4693
3033
4114
5420
9308
8174
8812
5623
7667
4828
8039
9186
8356
4155
6583
4512
4951
3539
5334
4382
8972
3788
1164
205
8035
7012
8715
1655
1352
9624
7500
9489
7289
1596
288
9229
7471
9881
2712
2217
2945
7960
4833
6678
8169
8978
137
4582
9251
9051
8357
8928
7257
8210
2786
3741
472
6886
9696
6799
1761
9841
3786
9558
6811
3678
7339
6426
6619
5655
4448
6833
3056
4102
4000
5958
9079
5226
269
3637
3951
8626
7500
6188
7839
5974
1692
3069
3073
9377
1043
1834
3652
5682
2769
4763
7682
6848
4539
1714
2588
7762
9425
1452
2417
5187
4893
516
6955
2629
1988
1277
894
9054
5098
1616
3238
5316
9688
490
8699
777
7293
7174
9021
5034
310
5273
9043
9904
9391
1893
8045
7843
3270
7834
2159
1797
3920
2021
3338
7503
4314
8907
5453
5152
7386
8393
6488
4054
8984
4785
2559
9598
3867
5866
3199
9701
6492
7671
4325
8960
6148
7475
5032
7498
1310
1155
2681
3437
7377
1583
6710
3084
4723
893
7463
954
4761
760
5109
5845
6289
3106
3291
4416
7014
6075
3373
6164
1216
1021
9234
7058
6953
6355
5765
720
2726
243
761
2576
6150
2158
4543
7476
5687
9798
3425
1500
5468
219
2576
5756
6150
7424
9307
4041
362
2164
8917
478
9066
5835
4310
1893
9
7243
1081
4858
1979
4115
1477
6416
6855
9101
3603
1838
6254
2441
1740
2010
2322
4493
9207
8751
481
4582
5412
6225
9360
4256
1008
2668
5982
3463
6261
4822
2839
1868
8227
7984
1062
8545
1849
4
5152
2815
1465
8737
6323
7222
6180
1849
1845
7845
1783
578
3943
5275
1256
5115
2693
697
1974
7339
1876
141
9425
3295
3771
7481
194
6128
8874
3149
5297
6983
195
6995
3297
2184
6924
6189
3804
5037
1999
6261
9188
9125
5175
1049
4907
2292
6896
6561
3652
8349
3734
6246
1431
1963
1830
2131
6484
1587
13
1094
4718
2443
9853
3759
3903
8249
2159
6459
8952
3133
8344
3234
650
1596
2440
6410
302
4541
2103
1901
401
7842
9437
9745
6468
6507
3807
5779
6110
4957
3012
2446
7271
8355
9531
4159
8742
1449
797
5463
2808
5907
2440
2815
7856
481
5712
3040
8557
3866
9270
4744
9229
8916
1960
2253
325
5060
9573
8317
5614
2198
5878
7372
9791
1914
8222
6793
7036
8023
4034
6930
150
2928
8001
8510
4720
5584
9570
2770
4946
1814
2235
3713
736
7256
2750
5818
1571
3524
9916
1333
1096
6654
9342
7071
171
1232
104
930
2638
7691
4143
3827
8862
5324
3897
9030
744
2791
5627
5848
2361
9324
5180
5629
7827
3042
8711
4373
5661
6047
6475
6146
3981
745
1122
1377
6509
1464
1251
8133
5475
1566
4164
5000
8373
5851
5345
8612
9049
539
9638
4338
8620
6818
401
7385
6553
1504
9386
8064
6530
7442
2007
9309
1639
8148
7274
2384
7994
2780
6524
6092
9527
3517
9326
9774
4401
2006
1
6606
2519
9782
9432
6424
3570
404
6012
3323
8361
9314
7822
4873
2973
3214
5958
7514
2665
9277
9595
9600
4217
1859
554
8845
8411
7612
5193
9330
7640
3178
9018
247
9534
9148
5629
9641
6345
992
8733
2613
4570
8987
4533
2180
2868
6551
3316
3782
7054
3986
9818
1166
4074
2523
2517
5194
9427
3087
8318
2683
5902
8338
8979
3720
8482
316
2316
5852
1435
5086
1516
90
3946
1443
7609
4798
1552
6077
3098
2880
151
7771
3996
9252
248
8859
8023
9666
1286
9005
279
4704
3840
9755
2247
9219
5888
6073
2094
9390
6239
1190
8650
6399
8043
7659
2120
3442
769
8801
470
5090
6658
3563
2953
6307
2575
994
4736
8069
2792
3313
876
2816
642
9599
4523
7636
844
7088
1448
5196
8553
5012
7691
4242
3078
8164
7724
3811
7922
7945
6442
7591
4637
7332
4635
8191
2643
4062
3128
3970
3493
9546
9320
7772
5670
7090
3561
3640
8283
2960
8701
6141
2731
297
0
8989
5713
6605
3479
3761
3540
4862
7331
8888
9809
3830
2001
4338
4936
3837
3911
9555
9675
3465
8646
1454
6099
5211
9673
3673
5368
7024
7283
2891
8077
4346
4438
1042
5342
9725
6545
1664
2708
1173
3372
3958
7008
1386
9151
4121
1600
7590
1653
526
8489
4598
7785
3012
21
7908
9429
541
6113
1096
6317
4914
4102
6695
4437
9917
5682
9550
9259
6297
4690
5548
9229
6713
5148
1432
8526
7672
1494
5020
2477
6236
5741
2436
7699
6272
1623
744
2026
7190
1940
9352
726
4053
1480
8567
5357
8448
7633
9488
3180
1867
6961
4359
9678