0
1
4
9
11
13
21
90
104
137
141
150
151
171
194
195
205
219
243
247
248
269
277
279
288
297
301
302
310
313
316
325
331
362
401
401
403
404
454
470
472
478
481
481
490
516
526
539
541
554
578
598
618
640
642
650
660
665
697
720
726
736
744
744
745
760
761
769
769
777
788
797
843
844
850
876
893
894
930
935
954
966
992
994
1008
1021
1042
1043
1049
1062
1081
1094
1096
1096
1122
1155
1164
1166
1173
1190
1216
1220
1232
1251
1256
1258
1277
1279
1286
1310
1333
1352
1363
1377
1386
1396
1427
1431
1432
1435
1436
1443
1448
1449
1452
1454
1464
1465
1477
1480
1494
1500
1504
1516
1552
1560
1563
1566
1571
1583
1587
1587
1596
1596
1600
1610
1616
1623
1639
1653
1655
1664
1668
1685
1692
1714
1740
1761
1769
1783
1786
1797
1797
1814
1830
1834
1838
1845
1849
1849
1850
1859
1867
1868
1876
1884
1893
1893
1901
1907
1914
1927
1940
1960
1963
1964
1974
1979
1988
1999
2001
2003
2006
2007
2010
2012
2021
2026
2059
2090
2094
2103
2120
2131
2141
2152
2153
2158
2159
2159
2164
2180
2184
2198
2210
2217
2221
2235
2247
2253
2286
2288
2292
2316
2322
2361
2383
2384
2417
2433
2435
2436
2440
2440
2441
2443
2446
2446
2477
2494
2517
2519
2523
2559
2575
2576
2576
2588
2613
2619
2629
2638
2643
2665
2668
2681
2683
2693
2708
2708
2712
2726
2731
2744
2750
2769
2770
2780
2786
2791
2792
2799
2808
2812
2815
2815
2816
2831
2839
2868
2874
2880
2891
2892
2928
2940
2945
2953
2955
2960
2973
3012
3012
3033
3040
3042
3056
3069
3073
3078
3084
3087
3098
3106
3128
3133
3149
3158
3178
3180
3199
3214
3234
3238
3251
3270
3291
3295
3297
3313
3316
3323
3338
3372
3373
3385
3389
3425
3433
3437
3442
3442
3463
3465
3479
3493
3507
3517
3524
3539
3540
3561
3563
3563
3570
3582
3585
3591
3603
3637
3640
3652
3652
3673
3678
3700
3710
3713
3720
3734
3741
3759
3761
3764
3771
3782
3786
3788
3804
3807
3807
3811
3827
3830
3837
3840
3844
3866
3867
3897
3903
3911
3920
3943
3946
3951
3956
3958
3970
3981
3986
3996
4000
4034
4041
4053
4054
4062
4074
4102
4102
4113
4114
4115
4121
4143
4155
4159
4164
4169
4206
4214
4217
4242
4256
4310
4314
4325
4334
4338
4338
4346
4359
4362
4373
4382
4401
4416
4437
4438
4448
4493
4512
4523
4533
4539
4541
4543
4570
4571
4582
4582
4584
4594
4598
4620
4635
4637
4656
4678
4690
4693
4700
4704
4708
4718
4720
4723
4736
4744
4757
4761
4763
4785
4798
4809
4822
4828
4833
4847
4858
4862
4873
4893
4907
4914
4921
4936
4946
4951
4957
4983
5000
5012
5020
5032
5034
5037
5055
5060
5086
5090
5098
5109
5115
5148
5152
5152
5175
5177
5180
5187
5193
5194
5196
5197
5211
5226
5273
5275
5286
5288
5297
5309
5316
5324
5334
5338
5342
5345
5347
5357
5368
5412
5420
5453
5463
5468
5475
5548
5573
5584
5614
5623
5627
5629
5629
5635
5655
5661
5669
5670
5682
5682
5687
5700
5712
5713
5720
5738
5741
5754
5756
5765
5779
5782
5794
5809
5818
5834
5835
5845
5848
5851
5852
5853
5866
5873
5878
5888
5902
5907
5955
5958
5958
5969
5974
5982
6012
6047
6068
6073
6073
6075
6077
6085
6092
6096
6099
6110
6113
6128
6141
6146
6148
6150
6150
6155
6164
6180
6188
6189
6201
6209
6222
6223
6225
6225
6236
6239
6244
6246
6254
6261
6261
6272
6289
6297
6307
6317
6323
6345
6355
6372
6399
6410
6416
6424
6425
6426
6442
6459
6468
6475
6484
6488
6492
6507
6509
6519
6524
6530
6545
6551
6553
6553
6561
6583
6586
6605
6605
6606
6619
6654
6658
6678
6695
6710
6713
6793
6799
6811
6818
6833
6848
6855
6886
6896
6924
6930
6935
6944
6953
6955
6961
6971
6983
6984
6993
6995
7003
7008
7012
7014
7024
7036
7054
7058
7071
7084
7088
7090
7174
7190
7204
7204
7222
7243
7256
7257
7262
7264
7271
7274
7275
7282
7283
7289
7293
7307
7317
7331
7332
7336
7339
7339
7344
7372
7377
7377
7385
7386
7424
7427
7442
7463
7471
7475
7476
7481
7498
7500
7500
7503
7514
7519
7524
7563
7590
7591
7609
7612
7633
7636
7640
7656
7659
7667
7671
7672
7682
7691
7691
7699
7724
7762
7771
7772
7776
7785
7822
7826
7827
7834
7839
7842
7843
7845
7856
7889
7893
7908
7922
7937
7945
7960
7970
7984
7994
8001
8023
8023
8035
8039
8043
8045
8064
8069
8077
8080
8097
8133
8148
8164
8169
8174
8191
8210
8222
8227
8247
8249
8272
8283
8317
8318
8338
8344
8349
8355
8356
8357
8361
8364
8373
8376
8393
8410
8411
8425
8431
8434
8448
8482
8487
8489
8503
8510
8526
8545
8553
8557
8567
8574
8602
8612
8618
8620
8626
8643
8646
8650
8669
8675
8689
8699
8701
8711
8715
8733
8737
8742
8742
8751
8751
8787
8801
8812
8828
8845
8859
8862
8874
8888
8902
8907
8916
8917
8927
8928
8952
8960
8972
8978
8979
8984
8987
8989
8998
9003
9005
9010
9014
9018
9021
9030
9034
9043
9049
9051
9054
9066
9079
9101
9125
9131
9148
9151
9186
9188
9207
9219
9225
9225
9229
9229
9229
9234
9251
9252
9259
9270
9277
9300
9301
9302
9307
9308
9309
9314
9320
9324
9326
9330
9342
9352
9354
9356
9360
9377
9386
9390
9391
9425
9425
9427
9429
9432
9437
9444
9464
9488
9489
9491
9527
9531
9534
9543
9546
9550
9555
9558
9570
9573
9591
9595
9598
9599
9600
9624
9634
9635
9638
9640
9641
9649
9666
9673
9675
9678
9688
9688
9696
9701
9715
9719
9725
9745
9755
9762
9774
9781
9782
9791
9798
9806
9809
9818
9827
9841
9853
9881
9899
9901
9904
9916
9917
9940
9960
9962
